Prof 1:
1 2 3 4 5 6 7 8 9 10 11 0 13 14 15 12
1 2 3 4 5 6 7 8 9 10 11 12 13 14 15 0
Prof 2:
1 2 3 4 5 6 7 8 9 10 0 11 13 14 15 12
1 2 3 4 5 6 7 8 9 10 11 12 13 14 15 0
Prof 3:
1 2 3 4 5 6 0 8 9 10 7 11 13 14 15 12
1 2 3 4 5 6 7 8 9 10 11 12 13 14 15 0
Prof 4:
1 2 3 4 5 0 6 8 9 10 7 11 13 14 15 12
1 2 3 4 5 6 7 8 9 10 11 12 13 14 15 0
Prof 5:
1 2 3 4 0 5 6 8 9 10 7 11 13 14 15 12
1 2 3 4 5 6 7 8 9 10 11 12 13 14 15 0
Prof 6:
1 2 3 4 9 5 6 8 0 10 7 11 13 14 15 12
1 2 3 4 5 6 7 8 9 10 11 12 13 14 15 0
Prof 7:
1 2 3 4 9 5 6 8 13 10 7 11 0 14 15 12
1 2 3 4 5 6 7 8 9 10 11 12 13 14 15 0
Prof 8:
1 2 3 4 9 5 6 8 13 10 7 11 14 0 15 12
1 2 3 4 5 6 7 8 9 10 11 12 13 14 15 0
Prof 9:
1 2 3 4 9 5 6 8 13 10 7 11 14 15 0 12
1 2 3 4 5 6 7 8 9 10 11 12 13 14 15 0
Prof 10:
6 12 0 9 14 2 5 11 7 8 4 13 3 10 1 15
14 6 12 9 7 2 5 11 8 4 13 15 3 0 10 1
Prof 11:
1 2 3 4 9 5 6 8 13 10 11 0 14 15 7 12
1 2 3 4 5 6 7 8 9 10 11 12 13 14 15 0
Prof 12:
13 11 15 4 8 9 1 5 12 14 0 2 7 10 3 6
13 11 4 5 8 0 14 15 12 1 3 2 7 9 10 6
Prof 13:
0 9 12 7 14 5 13 2 6 1 4 8 10 15 3 11
9 5 12 7 14 13 0 8 1 3 2 4 6 10 15 11
Prof 14:
1 2 0 3 9 5 6 4 13 10 11 8 14 15 7 12
1 2 3 4 5 6 7 8 9 10 11 12 13 14 15 0
Prof 15:
1 2 6 3 9 5 0 4 13 10 11 8 14 15 7 12
1 2 3 4 5 6 7 8 9 10 11 12 13 14 15 0
Prof 16:
1 2 6 3 9 0 5 4 13 10 11 8 14 15 7 12
1 2 3 4 5 6 7 8 9 10 11 12 13 14 15 0
Prof 17:
1 2 6 3 0 9 5 4 13 10 11 8 14 15 7 12
1 2 3 4 5 6 7 8 9 10 11 12 13 14 15 0
Prof 18:
1 2 6 3 13 9 5 4 0 10 11 8 14 15 7 12
1 2 3 4 5 6 7 8 9 10 11 12 13 14 15 0
Prof 19:
1 2 6 3 13 9 5 4 14 10 11 8 0 15 7 12
1 2 3 4 5 6 7 8 9 10 11 12 13 14 15 0
Prof 20:
1 2 6 3 13 9 5 4 14 10 11 8 15 0 7 12
1 2 3 4 5 6 7 8 9 10 11 12 13 14 15 0

Não há solução:
6 0 9 12 14 2 5 11 7 8 4 13 3 10 1 15
14 6 12 9 7 2 5 11 8 4 13 15 3 10 0 1